<!--
  Copyright 2016 The Cartographer Authors

  Licensed under the Apache License, Version 2.0 (the "License");
  you may not use this file except in compliance with the License.
  You may obtain a copy of the License at

       http://www.apache.org/licenses/LICENSE-2.0

  Unless required by applicable law or agreed to in writing, software
  distributed under the License is distributed on an "AS IS" BASIS,
  WITHOUT WARRANTIES OR CONDITIONS OF ANY KIND, either express or implied.
  See the License for the specific language governing permissions and
  limitations under the License.
-->

<launch>  

    <param name="/use_sim_time" value="false" />
    
  <node name="hokuyo0" pkg="hokuyo_node" type="hokuyo_node" > 
   <remap from="scan" to="horizontal_laser_2d" />
    <param name="port" type="string" value="/dev/ttyACM0"/>  
    <param name="min_ang"  value="-2.356194490125"/>  
    <param name="max_ang"  value="2.356194490125"/>  
    <param name="frame_id"  value="horizontal_laser_link"/>  
  </node>
  
  <node name="hokuyo1" pkg="hokuyo_node" type="hokuyo_node" > 
   <remap from="scan" to="vertical_right_laser_2d" />
    <param name="port" type="string" value="/dev/ttyACM1"/>  
    <param name="min_ang"  value="-2.356194490125"/>  
    <param name="max_ang"  value="2.356194490125"/>  
    <param name="frame_id"  value="vertical_right_laser_link"/>  
  </node>
  
<!--   <node name="hokuyo2" pkg="hokuyo_node" type="hokuyo_node" > 
    <remap from="scan" to="vertical_left_laser_2d" />
    <param name="port" type="string" value="/dev/ttyACM2"/>  
    <param name="min_ang"  value="-2.356194490125"/>  
    <param name="max_ang"  value="2.356194490125"/>  
    <param name="frame_id"  value="vertical_left_laser_link"/>  
  </node>
  
 

 <node pkg="xsens_node" type="xsens_node" name="xsens_node" >
   <param name="frame_id"  value="imu_link"/>  
  </node>-->

  <node pkg="rosbag" type="record" name="record" 
  output="screen" args="-o /home/whu/data/WHUKylinBackpack/2D_UTM30LX/hokuyo_2 /imu /horizontal_laser_2d /vertical_right_laser_2d /vertical_left_laser_2d "/>
  
<!--    <node pkg="rosbag" type="record" name="record" 
  output="screen" args="-o /home/whu/data/whuplat/lidar2IMU /imu /horizontal_laser_2d /vertical_left_laser_2d"/> -->
  
  <!--static_transform_publisher x y z yaw pitch roll frame_id child_frame_id period_in_ms 
  rypr:euler_from_matrix-rzyx=(0.036758565246 0.745448454102 -0.0354785760034)  q=(-0.0232091   0.3637315   0.02357208  0.93091608)
  [[ 0.01196551 -0.61136921  0.79125503  0.0325356 ]
 [ 0.04014185 -0.79038009 -0.61130021 -0.11728739]
 [ 0.99912234  0.03907696  0.01508419 -0.14487435]
 [ 0.          0.          0.          1.        ]]
srpy:euler_from_matrix-szyx(radian)= 1.55122717298 0.91285870051 1.54612574229
srpy:euler_from_matrix-szyx(angle)= 88.8787708221 52.3029512691 88.5864803717
args="0.0325356 -0.11728739 -0.14487435 1.55122717298 0.91285870051 1.54612574229 /laser1_link /laser2_link 10" />
[[  2.65447622e-04  -5.74958361e-02   9.98345711e-01   5.88363261e-02]
 [  2.64355940e-02  -9.97996439e-01  -5.74827501e-02  -2.49445156e-02]
 [  9.99650483e-01   2.64071206e-02   1.25502080e-03  -1.49800869e-01]
 [  0.00000000e+00   0.00000000e+00   0.00000000e+00   1.00000000e+00]]
srpy:euler_from_matrix-szyx(radian)= 1.56617954489 1.5132681517 1.54896679634
srpy:euler_from_matrix-szyx(angle)= 89.7354786335 86.7038790899 88.7492607794
[[-0.02918659 -0.08119201  0.99627105  0.06194861]
 [ 0.00594417 -0.99669213 -0.08105219 -0.01856993]
 [ 0.99955631  0.00355637  0.02957267 -0.2496312 ]
 [ 0.          0.          0.          1.        ]]
srpy:euler_from_matrix-szyx(radian)= 1.91588811178 1.4844103043 1.22094537913
srpy:euler_from_matrix-szyx(angle)= 109.772303744 85.0504462145 69.955017826
--> 
  <node pkg="tf" type="static_transform_publisher" name="tf_h2v" 
  args="0.3668969 0.22344176 0.0025158 -0.01033226 -0.00835501 -0.00332096  0.9999062  /horizontal_laser_link /vertical_right_laser_link 100" />

</launch>


